0.7834399939
0.8604135513
0.4106410146
0.7890096903
0.7890096903
0.7890096903
0.1549541801
0.1549541801
0.1549541801
0.1549541801
0.1239339560
0.0830707774
0.0466342084
0.0466342084
0.9998339415
0.9995186329
0.9962037206
0.9996227026
0.9986814857
0.9977658987
0.9990733862
0.9976336956
0.9996664524
0.9984748960
0.9984748960
0.9984748960
0.9987691045
0.9987691045
0.9987691045
0.9987691045
0.9986630678
0.9994986057
0.9548675418
0.9548675418
0.9548675418
0.9548675418
0.9548675418
0.9548675418
0.9548675418
0.9548675418
0.9548675418
0.9548675418
0.9797230363
0.9957683086
0.9957683086
0.9957683086
0.9957683086
0.9957683086
0.9957683086
0.9957683086
0.9957683086
0.9957683086
0.9957683086
0.9957683086
0.9957683086
0.9957683086
0.9957683086
0.9957683086
0.9957683086
0.9957683086
0.9654378891
0.2260935009
0.7054239511
0.0271570235
0.0659945980
